A,R,N,D,C,Q,E,G,H,I,L,K,M,F,P,S,T,W,Y,V
7.936507936507937,6.349206349206349,3.1746031746031744,3.1746031746031744,0.0,14.285714285714286,4.761904761904762,7.936507936507937,1.5873015873015872,7.936507936507937,15.873015873015873,3.1746031746031744,0.0,1.5873015873015872,3.1746031746031744,3.1746031746031744,3.1746031746031744,3.1746031746031744,3.1746031746031744,6.349206349206349
9.090909090909092,7.2727272727272725,0.0,3.6363636363636362,0.0,10.909090909090908,7.2727272727272725,7.2727272727272725,1.8181818181818181,7.2727272727272725,14.545454545454545,3.6363636363636362,0.0,1.8181818181818181,3.6363636363636362,1.8181818181818181,3.6363636363636362,3.6363636363636362,5.454545454545454,7.2727272727272725
8.333333333333334,5.555555555555555,5.555555555555555,0.0,0.0,22.22222222222222,2.7777777777777777,5.555555555555555,2.7777777777777777,11.11111111111111,19.444444444444443,2.7777777777777777,0.0,0.0,0.0,2.7777777777777777,2.7777777777777777,2.7777777777777777,0.0,5.555555555555555
9.75609756097561,2.4390243902439024,0.0,0.0,0.0,9.75609756097561,14.634146341463415,2.4390243902439024,0.0,19.51219512195122,12.195121951219512,21.951219512195124,0.0,0.0,0.0,0.0,2.4390243902439024,2.4390243902439024,0.0,2.4390243902439024
9.75609756097561,2.4390243902439024,0.0,0.0,0.0,7.317073170731708,14.634146341463415,2.4390243902439024,0.0,4.878048780487805,26.829268292682926,21.951219512195124,0.0,0.0,0.0,0.0,2.4390243902439024,2.4390243902439024,0.0,2.4390243902439024
10.416666666666666,2.0833333333333335,0.0,0.0,0.0,12.5,16.666666666666668,2.0833333333333335,2.0833333333333335,18.75,10.416666666666666,18.75,0.0,0.0,0.0,0.0,2.0833333333333335,2.0833333333333335,0.0,2.0833333333333335
9.67741935483871,3.225806451612903,3.225806451612903,0.0,0.0,14.516129032258064,12.903225806451612,3.225806451612903,1.6129032258064515,17.741935483870968,11.290322580645162,14.516129032258064,0.0,0.0,0.0,1.6129032258064515,1.6129032258064515,1.6129032258064515,0.0,3.225806451612903
10.416666666666666,2.0833333333333335,0.0,0.0,0.0,12.5,16.666666666666668,2.0833333333333335,2.0833333333333335,18.75,10.416666666666666,18.75,0.0,0.0,0.0,0.0,2.0833333333333335,2.0833333333333335,0.0,2.0833333333333335
9.67741935483871,3.225806451612903,3.225806451612903,0.0,0.0,14.516129032258064,12.903225806451612,3.225806451612903,1.6129032258064515,17.741935483870968,11.290322580645162,14.516129032258064,0.0,0.0,0.0,1.6129032258064515,1.6129032258064515,1.6129032258064515,0.0,3.225806451612903
5.882352941176471,5.882352941176471,0.0,0.0,0.0,17.647058823529413,0.0,5.882352941176471,0.0,11.764705882352942,29.41176470588235,5.882352941176471,0.0,0.0,0.0,0.0,5.882352941176471,5.882352941176471,0.0,5.882352941176471
8.695652173913043,4.3478260869565215,0.0,0.0,0.0,21.73913043478261,4.3478260869565215,4.3478260869565215,4.3478260869565215,13.043478260869565,21.73913043478261,4.3478260869565215,0.0,0.0,0.0,0.0,4.3478260869565215,4.3478260869565215,0.0,4.3478260869565215
4.444444444444445,6.666666666666667,2.2222222222222223,2.2222222222222223,0.0,8.88888888888889,13.333333333333334,2.2222222222222223,0.0,20.0,11.11111111111111,17.77777777777778,2.2222222222222223,0.0,0.0,2.2222222222222223,2.2222222222222223,2.2222222222222223,0.0,2.2222222222222223
5.2631578947368425,5.2631578947368425,2.6315789473684212,0.0,0.0,10.526315789473685,13.157894736842104,2.6315789473684212,0.0,18.42105263157895,13.157894736842104,18.42105263157895,0.0,0.0,0.0,2.6315789473684212,2.6315789473684212,2.6315789473684212,0.0,2.6315789473684212
5.2631578947368425,5.2631578947368425,2.6315789473684212,0.0,0.0,7.894736842105263,13.157894736842104,2.6315789473684212,0.0,21.05263157894737,13.157894736842104,18.42105263157895,0.0,0.0,0.0,2.6315789473684212,2.6315789473684212,2.6315789473684212,0.0,2.6315789473684212
6.451612903225806,6.451612903225806,3.225806451612903,0.0,0.0,12.903225806451612,6.451612903225806,3.225806451612903,0.0,16.129032258064516,16.129032258064516,19.35483870967742,0.0,0.0,0.0,0.0,3.225806451612903,3.225806451612903,0.0,3.225806451612903
12.5,2.5,0.0,0.0,0.0,10.0,12.5,2.5,0.0,20.0,12.5,20.0,0.0,0.0,0.0,0.0,2.5,2.5,0.0,2.5
5.555555555555555,5.555555555555555,5.555555555555555,2.7777777777777777,0.0,16.666666666666668,8.333333333333334,2.7777777777777777,2.7777777777777777,13.88888888888889,19.444444444444443,5.555555555555555,0.0,0.0,0.0,2.7777777777777777,5.555555555555555,2.7777777777777777,0.0,0.0
